# Ggj, R1-R10,mle1-mle10,met1-met10
0.0000001,0.100143,0.108503,0.143991,0.095628,0.146489,0.166327,0.123654,0.134854,0.130891,0.106840,0.003248,0.002964,0.003188,0.003090,0.003360,0.003134,0.003402,0.003378,0.002764,0.003417,0.002717,0.003465,0.003091,0.001941,0.004881,0.008066,0.004412,0.002519,0.004146,0.003687
0.000001,0.133333,0.116987,0.105751,0.147259,0.120652,0.110794,0.138864,0.106699,0.111216,0.117066,0.004269,0.004193,0.003899,0.004131,0.003858,0.004397,0.004190,0.003976,0.004077,0.004012,0.004020,0.003912,0.003159,0.003190,0.004407,0.002044,0.004411,0.002174,0.003799,0.004476
0.000002,0.119295,0.132758,0.162034,0.146485,0.140977,0.143850,0.129519,0.117454,0.125028,0.152847,0.004268,0.004337,0.004251,0.004248,0.004397,0.004170,0.004033,0.004174,0.004141,0.003997,0.002794,0.002917,0.004778,0.005890,0.005486,0.003975,0.003255,0.003792,0.003658,0.006341
0.000004,0.113419,0.140260,0.123258,0.151611,0.105339,0.124594,0.118535,0.120084,0.125800,0.125566,0.004184,0.004111,0.004394,0.004244,0.004320,0.004147,0.004030,0.004439,0.004513,0.004097,0.002228,0.005382,0.003408,0.006533,0.003628,0.003741,0.004555,0.005307,0.003142,0.004048
0.000007,0.103985,0.130204,0.120429,0.116487,0.123732,0.114682,0.118487,0.102547,0.151634,0.141273,0.004717,0.004067,0.004315,0.004410,0.004126,0.004395,0.004187,0.004338,0.004306,0.004442,0.001758,0.003631,0.003432,0.002547,0.003684,0.004124,0.002844,0.002208,0.003997,0.005603
0.000012,0.127985,0.110278,0.144524,0.121286,0.124539,0.134142,0.154427,0.126132,0.141209,0.129777,0.004298,0.004246,0.004285,0.004595,0.004618,0.004525,0.004397,0.004618,0.004244,0.004414,0.002467,0.002361,0.007071,0.005073,0.004524,0.004431,0.005697,0.003360,0.003479,0.003493
0.000023,0.099121,0.119381,0.133099,0.128519,0.108518,0.117950,0.143670,0.147522,0.119539,0.114016,0.004625,0.004254,0.004259,0.004579,0.004626,0.004422,0.004536,0.004696,0.004547,0.004306,0.003175,0.005233,0.004197,0.005736,0.003445,0.003481,0.003179,0.006339,0.004234,0.002917
0.000043,0.096594,0.132578,0.135168,0.135311,0.150174,0.122976,0.174246,0.123853,0.123776,0.123090,0.004661,0.004484,0.004637,0.004533,0.004980,0.004945,0.004788,0.004757,0.004394,0.004636,0.003560,0.003566,0.003223,0.003252,0.005070,0.002853,0.011771,0.003874,0.003734,0.002914
0.000081,0.179976,0.145033,0.161412,0.124484,0.128555,0.119467,0.170315,0.124837,0.122378,0.136616,0.004785,0.004713,0.005159,0.004874,0.005106,0.005074,0.004906,0.004746,0.004871,0.004693,0.008277,0.005122,0.004967,0.003142,0.004657,0.005429,0.004697,0.004553,0.004170,0.006200
0.000152,0.148873,0.128071,0.158099,0.144612,0.165780,0.105340,0.129182,0.155067,0.140281,0.147383,0.005167,0.004969,0.005003,0.005145,0.005319,0.005346,0.005179,0.005564,0.005585,0.005334,0.004688,0.003955,0.004619,0.005824,0.006361,0.002816,0.004104,0.004766,0.005087,0.006133
0.000285,0.173577,0.140705,0.154799,0.135532,0.136740,0.148426,0.165844,0.156183,0.197165,0.159315,0.005475,0.005136,0.005567,0.005208,0.005916,0.005574,0.005636,0.005175,0.005346,0.005473,0.008340,0.004081,0.004528,0.002938,0.005593,0.006000,0.004632,0.006513,0.003639,0.009870
0.000534,0.156417,0.173401,0.166214,0.143766,0.177435,0.194736,0.184673,0.187444,0.144386,0.185759,0.005551,0.005958,0.006105,0.005819,0.005543,0.006029,0.006183,0.005821,0.005638,0.005721,0.005465,0.007248,0.007536,0.006797,0.005641,0.009364,0.009133,0.007993,0.003402,0.011498
0.001000,0.249083,0.188036,0.232149,0.249574,0.251445,0.253186,0.234003,0.221227,0.200432,0.180200,0.006896,0.006430,0.006711,0.006848,0.006459,0.006660,0.006385,0.006688,0.006333,0.006500,0.007468,0.012872,0.009862,0.008606,0.015612,0.015134,0.008401,0.006986,0.007074,0.009511
0.001874,0.286849,0.343861,0.385303,0.398829,0.414326,0.417580,0.391473,0.305077,0.347228,0.256913,0.007363,0.007086,0.007221,0.006765,0.007180,0.007164,0.007148,0.006989,0.006862,0.007239,0.014037,0.032787,0.010202,0.012760,0.024188,0.014516,0.029642,0.038488,0.026975,0.022310
0.003511,0.376608,0.342644,0.494664,0.569042,0.454219,0.504277,0.378990,0.354396,0.327869,0.372861,0.007787,0.007256,0.007678,0.007769,0.007952,0.007873,0.007562,0.007100,0.006917,0.007352,0.021322,0.032520,0.022581,0.015223,0.019278,0.020130,0.027935,0.044523,0.019366,0.021250
0.006579,0.360050,0.426865,0.333097,0.590756,0.579195,0.560847,0.538709,0.529183,0.271150,0.707237,0.007706,0.007026,0.007060,0.007585,0.007459,0.007247,0.007421,0.007597,0.007145,0.007416,0.019609,0.047115,0.049539,0.027729,0.018679,0.046636,0.026213,0.038519,0.015623,0.011498
0.012328,0.612735,0.651421,0.646500,0.740843,0.688446,0.814208,0.627463,0.741854,0.414314,0.615409,0.006932,0.007288,0.006921,0.007062,0.006227,0.007264,0.007094,0.007117,0.006824,0.007267,0.054495,0.036158,0.040127,0.032389,0.013820,0.011120,0.021597,0.043517,0.056791,0.085730
0.023101,0.784861,0.672229,0.828898,0.952618,0.908721,0.790396,0.866356,0.850577,0.730696,0.899854,0.006554,0.006841,0.006459,0.006414,0.005857,0.005922,0.006504,0.006067,0.006385,0.006181,0.027363,0.027874,0.012083,0.001397,0.005088,0.007561,0.012347,0.011306,0.012676,0.007355
0.043288,0.974356,0.646388,0.899079,0.952125,0.980510,0.961003,0.960793,0.915733,0.692690,0.955340,0.004393,0.005317,0.005918,0.005570,0.005163,0.005043,0.005238,0.005707,0.005736,0.005465,0.001104,0.053184,0.002542,0.001499,0.000175,0.000844,0.002230,0.005018,0.009206,0.000996
0.081113,0.987225,0.836745,0.978492,0.977100,0.993220,0.988999,0.990201,0.971161,0.965966,0.985303,0.003980,0.005124,0.003873,0.004525,0.004152,0.003875,0.004513,0.004446,0.005387,0.004895,0.000352,0.015837,0.000439,0.001051,0.000404,0.000157,0.000131,0.000918,0.000877,0.000320
0.151991,0.999213,0.974768,0.995515,0.996055,0.999496,0.999372,0.997930,0.996941,0.993030,0.998289,0.002845,0.004866,0.003542,0.004134,0.002873,0.003403,0.003274,0.003441,0.001185,0.003343,0.000003,0.000679,0.000055,0.000059,0.000002,0.000002,0.000032,0.000058,0.000009,0.000016
0.284804,0.999755,0.993103,0.999430,0.998590,0.999880,0.999913,0.999704,0.999719,0.999507,0.999691,0.003956,0.003815,0.003330,0.004023,0.003101,0.003352,0.003434,0.003429,0.002748,0.003334,0.000002,0.000124,0.000053,0.000693,0.000001,0.000000,0.000001,0.000001,0.000002,0.000014
0.533670,0.999969,0.999462,0.999902,0.999868,0.999961,0.999977,0.999960,0.999969,0.999816,0.999943,0.000228,0.002693,0.003517,0.002738,0.003737,0.002718,0.002926,0.003580,0.003517,0.002211,0.000000,0.000001,0.000000,0.000042,0.000000,0.000000,0.000000,0.000000,0.000001,0.000000
1.000000,0.999983,0.999856,0.999988,0.999986,0.999992,0.999992,0.999989,0.999988,0.998655,0.999992,0.003360,0.003688,0.003705,0.003140,0.003362,0.003753,0.003929,0.003877,0.002861,0.002840,0.000000,0.000001,0.000000,0.000000,0.000000,0.000000,0.000000,0.000000,0.000602,0.000000
